Index	 Precision	 Recall	 F1-score
1	 1.00	 1.00	 1.00
2	 1.00	 1.00	 1.00
3	 0.95	 0.95	 0.95
4	 1.00	 1.00	 1.00
5	 1.00	 1.00	 1.00
6	 1.00	 1.00	 1.00
7	 1.00	 1.00	 1.00
8	 1.00	 1.00	 1.00
9	 0.98	 0.96	 0.97
10	 1.00	 1.00	 1.00
11	 1.00	 1.00	 1.00
12	 1.00	 1.00	 1.00
13	 0.91	 0.91	 0.91
14	 1.00	 1.00	 1.00
15	 1.00	 1.00	 1.00
16	 1.00	 1.00	 1.00
17	 1.00	 1.00	 1.00
18	 1.00	 1.00	 1.00
19	 0.93	 0.86	 0.89
20	 0.94	 0.89	 0.91
21	 0.98	 0.96	 0.97
22	 1.00	 1.00	 1.00
23	 0.99	 0.97	 0.98
24	 0.97	 0.94	 0.96
25	 1.00	 1.00	 1.00
26	 1.00	 1.00	 1.00
27	 1.00	 1.00	 1.00
28	 1.00	 1.00	 1.00
29	 1.00	 1.00	 1.00
30	 1.00	 1.00	 1.00
31	 1.00	 1.00	 1.00
32	 1.00	 1.00	 1.00
33	 1.00	 1.00	 1.00
34	 1.00	 1.00	 1.00
35	 1.00	 1.00	 1.00
36	 1.00	 1.00	 1.00
37	 1.00	 1.00	 1.00
38	 1.00	 1.00	 1.00
39	 0.83	 0.71	 0.77
40	 1.00	 1.00	 1.00
41	 1.00	 1.00	 1.00
42	 1.00	 1.00	 1.00
43	 1.00	 1.00	 1.00
44	 1.00	 1.00	 1.00
45	 1.00	 1.00	 1.00
46	 0.95	 0.95	 0.95
47	 0.83	 0.79	 0.81
48	 0.98	 0.98	 0.98
49	 1.00	 1.00	 1.00
50	 1.00	 1.00	 1.00
51	 1.00	 1.00	 1.00
52	 1.00	 1.00	 1.00
53	 1.00	 1.00	 1.00
54	 0.97	 0.97	 0.97
55	 0.95	 0.90	 0.92
56	 1.00	 1.00	 1.00
57	 1.00	 1.00	 1.00
58	 1.00	 1.00	 1.00
59	 1.00	 1.00	 1.00
60	 1.00	 1.00	 1.00
61	 0.97	 0.94	 0.96
62	 1.00	 1.00	 1.00
63	 1.00	 1.00	 1.00
64	 1.00	 1.00	 1.00
65	 1.00	 1.00	 1.00
66	 1.00	 1.00	 1.00
67	 1.00	 1.00	 1.00
68	 1.00	 1.00	 1.00
69	 1.00	 1.00	 1.00
70	 1.00	 1.00	 1.00
71	 1.00	 1.00	 1.00
72	 1.00	 1.00	 1.00
73	 1.00	 1.00	 1.00
74	 1.00	 1.00	 1.00
75	 1.00	 1.00	 1.00
76	 1.00	 1.00	 1.00
77	 1.00	 1.00	 1.00
78	 1.00	 1.00	 1.00
79	 1.00	 1.00	 1.00
80	 1.00	 1.00	 1.00
81	 1.00	 1.00	 1.00
82	 1.00	 1.00	 1.00
83	 1.00	 1.00	 1.00
84	 1.00	 1.00	 1.00
85	 1.00	 1.00	 1.00
86	 0.94	 0.88	 0.91
87	 0.89	 0.89	 0.89
88	 1.00	 1.00	 1.00
89	 1.00	 1.00	 1.00
90	 1.00	 1.00	 1.00
91	 1.00	 1.00	 1.00
92	 0.97	 0.94	 0.96
93	 1.00	 1.00	 1.00
94	 1.00	 1.00	 1.00
95	 1.00	 1.00	 1.00
96	 1.00	 1.00	 1.00
97	 1.00	 1.00	 1.00
98	 1.00	 1.00	 1.00
99	 1.00	 1.00	 1.00
100	 1.00	 1.00	 1.00
101	 1.00	 1.00	 1.00
102	 1.00	 1.00	 1.00
103	 1.00	 1.00	 1.00
104	 0.99	 0.97	 0.98
105	 1.00	 1.00	 1.00
106	 1.00	 1.00	 1.00
107	 1.00	 1.00	 1.00
108	 1.00	 1.00	 1.00
109	 1.00	 1.00	 1.00
110	 1.00	 1.00	 1.00
111	 1.00	 1.00	 1.00
112	 1.00	 1.00	 1.00
113	 0.90	 0.93	 0.92
114	 1.00	 1.00	 1.00
115	 1.00	 1.00	 1.00
116	 1.00	 1.00	 1.00
117	 1.00	 1.00	 1.00
118	 1.00	 1.00	 1.00
119	 1.00	 1.00	 1.00
120	 1.00	 1.00	 1.00
121	 1.00	 1.00	 1.00
122	 1.00	 1.00	 1.00
123	 1.00	 1.00	 1.00
124	 1.00	 1.00	 1.00
125	 1.00	 1.00	 1.00
126	 1.00	 1.00	 1.00
127	 1.00	 1.00	 1.00
128	 0.92	 0.92	 0.92
129	 1.00	 1.00	 1.00
130	 1.00	 1.00	 1.00
131	 1.00	 1.00	 1.00
132	 1.00	 1.00	 1.00
133	 1.00	 1.00	 1.00
134	 1.00	 1.00	 1.00
135	 1.00	 1.00	 1.00
136	 1.00	 1.00	 1.00
137	 1.00	 1.00	 1.00
138	 1.00	 1.00	 1.00
139	 1.00	 1.00	 1.00
140	 1.00	 1.00	 1.00
141	 1.00	 1.00	 1.00
142	 1.00	 1.00	 1.00
143	 1.00	 1.00	 1.00
144	 1.00	 1.00	 1.00
145	 1.00	 1.00	 1.00
146	 1.00	 1.00	 1.00
147	 1.00	 1.00	 1.00
148	 0.85	 0.85	 0.85
149	 1.00	 1.00	 1.00
150	 1.00	 1.00	 1.00
151	 1.00	 1.00	 1.00
152	 1.00	 1.00	 1.00
153	 1.00	 1.00	 1.00
154	 1.00	 1.00	 1.00
155	 1.00	 1.00	 1.00
156	 1.00	 1.00	 1.00
157	 1.00	 1.00	 1.00
158	 1.00	 1.00	 1.00
159	 1.00	 1.00	 1.00
160	 1.00	 1.00	 1.00
161	 1.00	 1.00	 1.00
162	 1.00	 1.00	 1.00
163	 1.00	 1.00	 1.00
164	 1.00	 1.00	 1.00
165	 0.92	 0.92	 0.92
166	 1.00	 1.00	 1.00
167	 1.00	 1.00	 1.00
168	 1.00	 1.00	 1.00
169	 1.00	 1.00	 1.00
170	 1.00	 1.00	 1.00
171	 1.00	 1.00	 1.00
172	 0.96	 0.93	 0.95
173	 1.00	 1.00	 1.00
174	 1.00	 1.00	 1.00
175	 1.00	 1.00	 1.00
176	 0.97	 0.94	 0.95
177	 1.00	 1.00	 1.00
178	 1.00	 1.00	 1.00
179	 1.00	 1.00	 1.00
180	 1.00	 1.00	 1.00
181	 1.00	 1.00	 1.00
182	 1.00	 1.00	 1.00
183	 1.00	 1.00	 1.00
184	 0.97	 0.94	 0.95
185	 1.00	 1.00	 1.00
186	 1.00	 1.00	 1.00
187	 1.00	 1.00	 1.00
188	 1.00	 1.00	 1.00
189	 1.00	 1.00	 1.00
190	 1.00	 1.00	 1.00
191	 1.00	 1.00	 1.00
192	 1.00	 1.00	 1.00
193	 1.00	 1.00	 1.00
194	 1.00	 1.00	 1.00
195	 1.00	 1.00	 1.00
196	 1.00	 1.00	 1.00
197	 1.00	 1.00	 1.00
198	 1.00	 1.00	 1.00
199	 1.00	 1.00	 1.00
200	 1.00	 1.00	 1.00
201	 1.00	 1.00	 1.00
202	 1.00	 1.00	 1.00
203	 0.92	 0.85	 0.88
204	 1.00	 1.00	 1.00
205	 1.00	 1.00	 1.00
206	 1.00	 1.00	 1.00
207	 1.00	 1.00	 1.00
208	 1.00	 1.00	 1.00
209	 1.00	 1.00	 1.00
210	 1.00	 1.00	 1.00
211	 1.00	 1.00	 1.00
212	 1.00	 1.00	 1.00
213	 1.00	 1.00	 1.00
214	 1.00	 1.00	 1.00
215	 1.00	 1.00	 1.00
216	 1.00	 1.00	 1.00
217	 1.00	 1.00	 1.00
218	 1.00	 1.00	 1.00
219	 1.00	 1.00	 1.00
220	 1.00	 1.00	 1.00
221	 1.00	 1.00	 1.00
222	 1.00	 1.00	 1.00
223	 1.00	 1.00	 1.00
224	 1.00	 1.00	 1.00
225	 1.00	 1.00	 1.00
226	 1.00	 1.00	 1.00
227	 1.00	 1.00	 1.00
228	 1.00	 1.00	 1.00
229	 1.00	 1.00	 1.00
230	 1.00	 1.00	 1.00
231	 1.00	 1.00	 1.00
232	 1.00	 1.00	 1.00
233	 1.00	 1.00	 1.00
234	 1.00	 1.00	 1.00
235	 1.00	 1.00	 1.00
236	 1.00	 1.00	 1.00
237	 1.00	 1.00	 1.00
238	 1.00	 1.00	 1.00
239	 1.00	 1.00	 1.00
240	 1.00	 1.00	 1.00
241	 1.00	 1.00	 1.00
242	 1.00	 1.00	 1.00
243	 0.94	 0.94	 0.94
244	 1.00	 1.00	 1.00
245	 1.00	 1.00	 1.00
246	 1.00	 1.00	 1.00
247	 1.00	 1.00	 1.00
248	 1.00	 1.00	 1.00
249	 1.00	 1.00	 1.00
250	 1.00	 1.00	 1.00
251	 1.00	 1.00	 1.00
252	 1.00	 1.00	 1.00
253	 1.00	 1.00	 1.00
254	 1.00	 1.00	 1.00
255	 1.00	 1.00	 1.00
256	 1.00	 1.00	 1.00
257	 1.00	 1.00	 1.00
258	 1.00	 1.00	 1.00
259	 1.00	 1.00	 1.00
260	 1.00	 1.00	 1.00
261	 1.00	 1.00	 1.00
262	 1.00	 1.00	 1.00
263	 1.00	 1.00	 1.00
264	 1.00	 1.00	 1.00
265	 1.00	 1.00	 1.00
266	 1.00	 1.00	 1.00
267	 1.00	 1.00	 1.00
268	 1.00	 1.00	 1.00
269	 1.00	 1.00	 1.00
270	 1.00	 1.00	 1.00
271	 1.00	 1.00	 1.00
272	 1.00	 1.00	 1.00
273	 1.00	 1.00	 1.00
274	 1.00	 1.00	 1.00
275	 1.00	 1.00	 1.00
276	 1.00	 1.00	 1.00
277	 1.00	 1.00	 1.00
278	 1.00	 1.00	 1.00
279	 1.00	 1.00	 1.00
280	 1.00	 1.00	 1.00
281	 1.00	 1.00	 1.00
282	 1.00	 1.00	 1.00
283	 1.00	 1.00	 1.00
284	 0.97	 0.94	 0.95
285	 1.00	 1.00	 1.00
286	 1.00	 1.00	 1.00
287	 1.00	 1.00	 1.00
288	 1.00	 1.00	 1.00
289	 1.00	 1.00	 1.00
290	 1.00	 1.00	 1.00
291	 1.00	 1.00	 1.00
292	 1.00	 1.00	 1.00
293	 1.00	 1.00	 1.00
294	 1.00	 1.00	 1.00
295	 1.00	 1.00	 1.00
296	 1.00	 1.00	 1.00
297	 1.00	 1.00	 1.00
298	 1.00	 1.00	 1.00
299	 1.00	 1.00	 1.00
300	 1.00	 1.00	 1.00
301	 1.00	 1.00	 1.00
302	 1.00	 1.00	 1.00
303	 0.97	 0.97	 0.97
304	 1.00	 1.00	 1.00
305	 1.00	 1.00	 1.00
306	 1.00	 1.00	 1.00
307	 1.00	 1.00	 1.00
308	 1.00	 1.00	 1.00
309	 1.00	 1.00	 1.00
310	 1.00	 1.00	 1.00
311	 1.00	 1.00	 1.00
312	 1.00	 1.00	 1.00
313	 1.00	 1.00	 1.00
314	 1.00	 1.00	 1.00
315	 1.00	 1.00	 1.00
316	 1.00	 1.00	 1.00
317	 1.00	 1.00	 1.00
318	 1.00	 1.00	 1.00
319	 1.00	 1.00	 1.00
320	 1.00	 1.00	 1.00
321	 1.00	 1.00	 1.00
322	 1.00	 1.00	 1.00
323	 1.00	 1.00	 1.00
324	 1.00	 1.00	 1.00
325	 1.00	 1.00	 1.00
326	 1.00	 1.00	 1.00
327	 1.00	 1.00	 1.00
328	 0.97	 0.94	 0.95
329	 1.00	 1.00	 1.00
330	 1.00	 1.00	 1.00
331	 1.00	 1.00	 1.00
332	 1.00	 1.00	 1.00
333	 1.00	 1.00	 1.00
334	 1.00	 1.00	 1.00
335	 0.92	 0.85	 0.88
336	 1.00	 1.00	 1.00
337	 1.00	 1.00	 1.00
338	 1.00	 1.00	 1.00
339	 1.00	 1.00	 1.00
340	 1.00	 1.00	 1.00
341	 1.00	 1.00	 1.00
342	 1.00	 1.00	 1.00
343	 1.00	 1.00	 1.00
344	 0.93	 0.93	 0.93
345	 1.00	 1.00	 1.00
346	 1.00	 1.00	 1.00
347	 1.00	 1.00	 1.00
348	 1.00	 1.00	 1.00
349	 1.00	 1.00	 1.00
350	 1.00	 1.00	 1.00
351	 1.00	 1.00	 1.00
352	 1.00	 1.00	 1.00
353	 0.92	 0.92	 0.92
354	 1.00	 1.00	 1.00
355	 1.00	 1.00	 1.00
356	 1.00	 1.00	 1.00
357	 1.00	 1.00	 1.00
358	 1.00	 1.00	 1.00
359	 0.96	 0.96	 0.96
360	 1.00	 1.00	 1.00
361	 1.00	 1.00	 1.00
362	 1.00	 1.00	 1.00
363	 1.00	 1.00	 1.00
364	 1.00	 1.00	 1.00
365	 1.00	 1.00	 1.00
366	 1.00	 1.00	 1.00
367	 1.00	 1.00	 1.00
368	 1.00	 1.00	 1.00
369	 1.00	 1.00	 1.00
370	 1.00	 1.00	 1.00
371	 1.00	 1.00	 1.00
372	 1.00	 1.00	 1.00
373	 1.00	 1.00	 1.00
374	 1.00	 1.00	 1.00
375	 1.00	 1.00	 1.00
376	 1.00	 1.00	 1.00
377	 1.00	 1.00	 1.00
378	 1.00	 1.00	 1.00
379	 1.00	 1.00	 1.00
380	 1.00	 1.00	 1.00
381	 1.00	 1.00	 1.00
382	 1.00	 1.00	 1.00
383	 1.00	 1.00	 1.00
384	 1.00	 1.00	 1.00
385	 1.00	 1.00	 1.00
386	 0.94	 0.94	 0.94
387	 1.00	 1.00	 1.00
388	 1.00	 1.00	 1.00
389	 1.00	 1.00	 1.00
390	 1.00	 1.00	 1.00
391	 1.00	 1.00	 1.00
392	 1.00	 1.00	 1.00
393	 1.00	 1.00	 1.00
394	 1.00	 1.00	 1.00
395	 1.00	 1.00	 1.00
396	 1.00	 1.00	 1.00
397	 1.00	 1.00	 1.00
398	 1.00	 1.00	 1.00
399	 1.00	 1.00	 1.00
400	 1.00	 1.00	 1.00
401	 1.00	 1.00	 1.00
402	 1.00	 1.00	 1.00
403	 1.00	 1.00	 1.00
404	 1.00	 1.00	 1.00
405	 1.00	 1.00	 1.00
406	 1.00	 1.00	 1.00
407	 1.00	 1.00	 1.00
408	 1.00	 1.00	 1.00
409	 1.00	 1.00	 1.00
410	 1.00	 1.00	 1.00
411	 1.00	 1.00	 1.00
412	 1.00	 1.00	 1.00
413	 1.00	 1.00	 1.00
414	 1.00	 1.00	 1.00
415	 1.00	 1.00	 1.00
416	 1.00	 1.00	 1.00
417	 0.98	 0.98	 0.98
418	 1.00	 1.00	 1.00
419	 1.00	 1.00	 1.00
420	 1.00	 1.00	 1.00
421	 1.00	 1.00	 1.00
422	 1.00	 1.00	 1.00
423	 1.00	 1.00	 1.00
424	 1.00	 1.00	 1.00
425	 1.00	 1.00	 1.00
426	 1.00	 1.00	 1.00
427	 0.97	 0.93	 0.95
428	 1.00	 1.00	 1.00
429	 1.00	 1.00	 1.00
430	 1.00	 1.00	 1.00
431	 1.00	 1.00	 1.00
432	 1.00	 1.00	 1.00
433	 1.00	 1.00	 1.00
434	 1.00	 1.00	 1.00
435	 1.00	 1.00	 1.00
436	 1.00	 1.00	 1.00
437	 1.00	 1.00	 1.00
438	 1.00	 1.00	 1.00
439	 1.00	 1.00	 1.00
440	 1.00	 1.00	 1.00
441	 1.00	 1.00	 1.00
442	 1.00	 1.00	 1.00
443	 1.00	 1.00	 1.00
444	 1.00	 1.00	 1.00
445	 1.00	 1.00	 1.00
446	 1.00	 1.00	 1.00
447	 1.00	 1.00	 1.00
448	 1.00	 1.00	 1.00
449	 1.00	 1.00	 1.00
450	 1.00	 1.00	 1.00
451	 1.00	 1.00	 1.00
452	 1.00	 1.00	 1.00
453	 1.00	 1.00	 1.00
454	 1.00	 1.00	 1.00
455	 1.00	 1.00	 1.00
456	 1.00	 1.00	 1.00
457	 1.00	 1.00	 1.00
458	 1.00	 1.00	 1.00
459	 1.00	 1.00	 1.00
460	 1.00	 1.00	 1.00
461	 1.00	 1.00	 1.00
462	 1.00	 1.00	 1.00
463	 1.00	 1.00	 1.00
464	 1.00	 1.00	 1.00
465	 1.00	 1.00	 1.00
466	 1.00	 1.00	 1.00
467	 1.00	 1.00	 1.00
468	 1.00	 1.00	 1.00
469	 1.00	 1.00	 1.00
470	 0.96	 0.93	 0.94
471	 1.00	 1.00	 1.00
472	 1.00	 1.00	 1.00
473	 1.00	 1.00	 1.00
474	 1.00	 1.00	 1.00
475	 1.00	 1.00	 1.00
476	 1.00	 1.00	 1.00
477	 1.00	 1.00	 1.00
478	 1.00	 1.00	 1.00
479	 1.00	 1.00	 1.00
480	 1.00	 1.00	 1.00
481	 1.00	 1.00	 1.00
482	 1.00	 1.00	 1.00
483	 1.00	 1.00	 1.00
484	 1.00	 1.00	 1.00
485	 1.00	 1.00	 1.00
486	 1.00	 1.00	 1.00
487	 1.00	 1.00	 1.00
488	 1.00	 1.00	 1.00
489	 1.00	 1.00	 1.00
490	 1.00	 1.00	 1.00
491	 1.00	 1.00	 1.00
492	 0.99	 0.98	 0.98
493	 1.00	 1.00	 1.00
494	 1.00	 1.00	 1.00
495	 0.97	 0.94	 0.96
496	 1.00	 1.00	 1.00
497	 1.00	 1.00	 1.00
498	 0.97	 0.97	 0.97
499	 0.91	 0.83	 0.87
500	 1.00	 1.00	 1.00
501	 1.00	 1.00	 1.00
502	 0.98	 0.98	 0.98
503	 1.00	 1.00	 1.00
504	 1.00	 1.00	 1.00
505	 1.00	 1.00	 1.00
506	 1.00	 1.00	 1.00
507	 1.00	 1.00	 1.00
508	 1.00	 1.00	 1.00
509	 1.00	 1.00	 1.00
510	 1.00	 1.00	 1.00
511	 1.00	 1.00	 1.00
512	 1.00	 1.00	 1.00
513	 1.00	 1.00	 1.00
514	 0.97	 0.97	 0.97
515	 1.00	 1.00	 1.00
516	 0.96	 0.96	 0.96
517	 0.97	 0.97	 0.97
518	 0.94	 0.92	 0.93
519	 0.90	 0.87	 0.89
520	 0.98	 0.95	 0.96
521	 1.00	 1.00	 1.00
522	 1.00	 1.00	 1.00
523	 0.98	 0.98	 0.98
524	 1.00	 1.00	 1.00
525	 1.00	 1.00	 1.00
526	 0.92	 0.92	 0.92
527	 1.00	 1.00	 1.00
528	 1.00	 1.00	 1.00
529	 1.00	 1.00	 1.00
530	 1.00	 1.00	 1.00
531	 1.00	 1.00	 1.00
532	 1.00	 1.00	 1.00
533	 1.00	 1.00	 1.00
534	 1.00	 1.00	 1.00
535	 1.00	 1.00	 1.00
536	 1.00	 1.00	 1.00
537	 1.00	 1.00	 1.00
538	 1.00	 1.00	 1.00
539	 1.00	 1.00	 1.00
540	 1.00	 1.00	 1.00
541	 1.00	 1.00	 1.00
542	 1.00	 1.00	 1.00
543	 1.00	 1.00	 1.00
544	 1.00	 1.00	 1.00
545	 0.93	 0.87	 0.90
546	 1.00	 1.00	 1.00
547	 1.00	 1.00	 1.00
548	 1.00	 1.00	 1.00
549	 1.00	 1.00	 1.00
550	 1.00	 1.00	 1.00
551	 1.00	 1.00	 1.00
552	 1.00	 1.00	 1.00
553	 1.00	 1.00	 1.00
554	 1.00	 1.00	 1.00
555	 1.00	 1.00	 1.00
556	 1.00	 1.00	 1.00
557	 1.00	 1.00	 1.00
558	 1.00	 1.00	 1.00
559	 1.00	 1.00	 1.00
560	 1.00	 1.00	 1.00
561	 1.00	 1.00	 1.00
562	 1.00	 1.00	 1.00
563	 1.00	 1.00	 1.00
564	 1.00	 1.00	 1.00
565	 1.00	 1.00	 1.00
566	 0.97	 0.95	 0.96
567	 1.00	 1.00	 1.00
568	 1.00	 1.00	 1.00
569	 1.00	 1.00	 1.00
570	 1.00	 1.00	 1.00
571	 0.98	 0.95	 0.96
572	 1.00	 1.00	 1.00
573	 1.00	 1.00	 1.00
574	 1.00	 1.00	 1.00
575	 1.00	 1.00	 1.00
576	 0.94	 0.88	 0.91
577	 1.00	 1.00	 1.00
578	 1.00	 1.00	 1.00
579	 1.00	 1.00	 1.00
580	 1.00	 1.00	 1.00
581	 1.00	 1.00	 1.00
582	 1.00	 1.00	 1.00
583	 1.00	 1.00	 1.00
584	 1.00	 1.00	 1.00
585	 1.00	 1.00	 1.00
586	 1.00	 1.00	 1.00
587	 1.00	 1.00	 1.00
588	 1.00	 1.00	 1.00
589	 1.00	 1.00	 1.00
590	 1.00	 1.00	 1.00
591	 1.00	 1.00	 1.00
592	 1.00	 1.00	 1.00
593	 0.96	 0.92	 0.94
594	 1.00	 1.00	 1.00
595	 1.00	 1.00	 1.00
596	 1.00	 1.00	 1.00
597	 0.95	 0.95	 0.95
598	 1.00	 1.00	 1.00
599	 1.00	 1.00	 1.00
600	 1.00	 1.00	 1.00
601	 1.00	 1.00	 1.00
602	 1.00	 1.00	 1.00
603	 1.00	 1.00	 1.00
604	 1.00	 1.00	 1.00
605	 1.00	 1.00	 1.00
606	 1.00	 1.00	 1.00
607	 1.00	 1.00	 1.00
608	 1.00	 1.00	 1.00
609	 1.00	 1.00	 1.00
610	 1.00	 1.00	 1.00
611	 1.00	 1.00	 1.00
612	 1.00	 1.00	 1.00
613	 1.00	 1.00	 1.00
614	 0.94	 0.94	 0.94
615	 1.00	 1.00	 1.00
616	 1.00	 1.00	 1.00
617	 1.00	 1.00	 1.00
618	 1.00	 1.00	 1.00
619	 1.00	 1.00	 1.00
620	 1.00	 1.00	 1.00
621	 1.00	 1.00	 1.00
622	 1.00	 1.00	 1.00
623	 1.00	 1.00	 1.00
624	 1.00	 1.00	 1.00
625	 1.00	 1.00	 1.00
626	 1.00	 1.00	 1.00
627	 1.00	 1.00	 1.00
628	 1.00	 1.00	 1.00
629	 1.00	 1.00	 1.00
630	 1.00	 1.00	 1.00
631	 1.00	 1.00	 1.00
632	 1.00	 1.00	 1.00
633	 1.00	 1.00	 1.00
634	 1.00	 1.00	 1.00
635	 1.00	 1.00	 1.00
636	 1.00	 1.00	 1.00
637	 1.00	 1.00	 1.00
638	 1.00	 1.00	 1.00
639	 1.00	 1.00	 1.00
640	 1.00	 1.00	 1.00
641	 1.00	 1.00	 1.00
642	 1.00	 1.00	 1.00
643	 1.00	 1.00	 1.00
644	 1.00	 1.00	 1.00
645	 1.00	 1.00	 1.00
646	 1.00	 1.00	 1.00
647	 1.00	 1.00	 1.00
648	 1.00	 1.00	 1.00
649	 0.96	 0.96	 0.96
650	 1.00	 1.00	 1.00
651	 1.00	 1.00	 1.00
652	 1.00	 1.00	 1.00
653	 1.00	 1.00	 1.00
654	 1.00	 1.00	 1.00
655	 1.00	 1.00	 1.00
656	 1.00	 1.00	 1.00
657	 1.00	 1.00	 1.00
658	 0.96	 0.93	 0.95
659	 1.00	 1.00	 1.00
660	 1.00	 1.00	 1.00
661	 1.00	 1.00	 1.00
662	 1.00	 1.00	 1.00
663	 1.00	 1.00	 1.00
664	 1.00	 1.00	 1.00
665	 1.00	 1.00	 1.00
666	 1.00	 1.00	 1.00
667	 1.00	 1.00	 1.00
668	 1.00	 1.00	 1.00
669	 1.00	 1.00	 1.00
670	 1.00	 1.00	 1.00
671	 1.00	 1.00	 1.00
672	 1.00	 1.00	 1.00
673	 1.00	 1.00	 1.00
674	 1.00	 1.00	 1.00
675	 1.00	 1.00	 1.00
676	 1.00	 1.00	 1.00
677	 1.00	 1.00	 1.00
678	 1.00	 1.00	 1.00
679	 1.00	 1.00	 1.00
680	 0.96	 0.93	 0.95
681	 0.99	 0.98	 0.98
682	 1.00	 1.00	 1.00
683	 0.98	 0.96	 0.97
684	 1.00	 1.00	 1.00
685	 1.00	 1.00	 1.00
686	 1.00	 1.00	 1.00
687	 1.00	 1.00	 1.00
688	 1.00	 1.00	 1.00
689	 1.00	 1.00	 1.00
690	 0.98	 0.96	 0.97
691	 1.00	 1.00	 1.00
692	 1.00	 1.00	 1.00
693	 0.96	 0.92	 0.94
694	 1.00	 1.00	 1.00
695	 1.00	 1.00	 1.00
696	 0.96	 0.93	 0.95
697	 1.00	 1.00	 1.00
698	 1.00	 1.00	 1.00
699	 1.00	 1.00	 1.00
700	 1.00	 1.00	 1.00
701	 1.00	 1.00	 1.00
702	 0.94	 0.93	 0.93
703	 1.00	 1.00	 1.00
704	 1.00	 1.00	 1.00
705	 1.00	 1.00	 1.00
706	 1.00	 1.00	 1.00
707	 1.00	 1.00	 1.00
708	 0.98	 0.97	 0.98
709	 1.00	 1.00	 1.00
710	 1.00	 1.00	 1.00
711	 1.00	 1.00	 1.00
712	 1.00	 1.00	 1.00
713	 1.00	 1.00	 1.00
714	 1.00	 1.00	 1.00
715	 1.00	 1.00	 1.00
716	 1.00	 1.00	 1.00
717	 1.00	 1.00	 1.00
718	 1.00	 1.00	 1.00
719	 1.00	 1.00	 1.00
720	 1.00	 1.00	 1.00
721	 1.00	 1.00	 1.00
722	 1.00	 1.00	 1.00
723	 1.00	 1.00	 1.00
724	 1.00	 1.00	 1.00
725	 1.00	 1.00	 1.00
726	 1.00	 1.00	 1.00
727	 1.00	 1.00	 1.00
728	 1.00	 1.00	 1.00
729	 1.00	 1.00	 1.00
730	 1.00	 1.00	 1.00
731	 1.00	 1.00	 1.00
732	 1.00	 1.00	 1.00
733	 1.00	 1.00	 1.00
734	 1.00	 1.00	 1.00
735	 1.00	 1.00	 1.00
736	 1.00	 1.00	 1.00
737	 1.00	 1.00	 1.00
738	 1.00	 1.00	 1.00
739	 1.00	 1.00	 1.00
740	 1.00	 1.00	 1.00
741	 1.00	 1.00	 1.00
742	 0.96	 0.92	 0.94
743	 1.00	 1.00	 1.00
744	 1.00	 1.00	 1.00
745	 1.00	 1.00	 1.00
746	 0.97	 0.95	 0.96
747	 1.00	 1.00	 1.00
748	 1.00	 1.00	 1.00
749	 1.00	 1.00	 1.00
750	 1.00	 1.00	 1.00
751	 1.00	 1.00	 1.00
752	 1.00	 1.00	 1.00
753	 1.00	 1.00	 1.00
754	 0.97	 0.97	 0.97
755	 1.00	 1.00	 1.00
756	 1.00	 1.00	 1.00
757	 1.00	 1.00	 1.00
758	 1.00	 1.00	 1.00
759	 1.00	 1.00	 1.00
760	 0.98	 0.98	 0.98
761	 1.00	 1.00	 1.00
762	 1.00	 1.00	 1.00
763	 1.00	 1.00	 1.00
764	 1.00	 1.00	 1.00
765	 1.00	 1.00	 1.00
766	 1.00	 1.00	 1.00
767	 1.00	 1.00	 1.00
768	 0.97	 0.93	 0.95
769	 0.98	 0.95	 0.96
770	 1.00	 1.00	 1.00
771	 1.00	 1.00	 1.00
772	 1.00	 1.00	 1.00
773	 1.00	 1.00	 1.00
774	 1.00	 1.00	 1.00
775	 0.98	 0.96	 0.97
776	 1.00	 1.00	 1.00
777	 1.00	 1.00	 1.00
778	 0.98	 0.96	 0.97
779	 0.94	 0.93	 0.93
780	 1.00	 1.00	 1.00
781	 0.95	 0.94	 0.95
782	 1.00	 1.00	 1.00
783	 1.00	 1.00	 1.00
784	 1.00	 1.00	 1.00
785	 0.88	 0.88	 0.88
786	 0.96	 0.93	 0.94
787	 0.95	 0.91	 0.93
788	 1.00	 1.00	 1.00
789	 1.00	 1.00	 1.00
790	 1.00	 1.00	 1.00
791	 1.00	 1.00	 1.00
792	 1.00	 1.00	 1.00
793	 1.00	 1.00	 1.00
794	 1.00	 1.00	 1.00
795	 1.00	 1.00	 1.00
796	 1.00	 1.00	 1.00
797	 0.75	 0.60	 0.67
798	 1.00	 1.00	 1.00
799	 1.00	 1.00	 1.00
800	 1.00	 1.00	 1.00
801	 1.00	 1.00	 1.00
802	 1.00	 1.00	 1.00
803	 1.00	 1.00	 1.00
